1 WA 2 5
2 OR 1 3 4 5
3 CA 2 4 9
4 NV 2 3 5 8 9
5 ID 1 2 4 6 7 8
6 MT 5 7 16 17
7 WY 5 6 8 10 15 16
8 UT 4 5 7 9 10
9 AZ 3 4 8 11
10 CO 7 8 11 13 14 15
11 NM 9 10 12 13
12 TX 11 13 21 22
13 OK 10 11 12 14 20 21
14 KS 10 13 15 20
15 NE 7 10 14 16 19 20
16 SD 6 7 15 17 18 19
17 ND 6 16 18
18 MN 16 17 19 34
19 IA 15 16 18 20 33 34
20 MO 13 14 15 19 21 31 32 33
21 AR 12 13 20  22 23 31
22 LA 12 21 23
23 MS 21 22 24 31
24 AL 23 26 25 31
25 FL 24 26
26 GA 24 25 27 28 31
27 SC 26 28
28 NC 26 27 29 31
29 VA 28 31 32 30 48
30 WV 29 32 37 38 48
31 TN 20 21 23 24 26 28 29 32
32 KY 20 31 29 30 33 35 37
33 IL 19 20 32 34 35
34 WI 18 19 33
35 IN 32 33 36 37
36 MI 35 37
37 OH 30 32 35 36 38
38 PA 30 37 39 46 47 48
39 NY 38 40 43 45 46
40 VT 39 43 41
41 NH 40 42 43
42 ME 41
43 MA 40 41 44 45
44 RI 43 45
45 CT 39 43 44
46 NJ 38 39 47
47 DE 38 48
48 MD 29 30 38 47
