24 AL 23 26 25 31
9 AZ 3 4 8 11
21 AR 12 13 20  22 23 31
3 CA 2 4 9
10 CO 7 8 11 13 14 15
45 CT 39 43 44
47 DE 38 48
25 FL 24 26
26 GA 24 25 27 28 31
5 ID 1 2 4 6 7 8
33 IL 19 20 32 34 35
35 IN 32 33 36 37
19 IA 15 16 18 20 33 34
14 KS 10 13 15 20
32 KY 20 31 29 30 33 35 37
22 LA 12 21 23
42 ME 41
6 MT 5 7 16 17
15 NE 7 10 14 16 19 20
4 NV 2 3 5 8 9
41 NH 40 42 43
46 NJ 38 39 47
11 NM 9 10 12 13
39 NY 38 40 43 45 46
28 NC 26 27 29 31
17 ND 6 16 18
37 OH 30 32 35 36 38
13 OK 10 11 12 14 20 21
2 OR 1 3 4 5
48 MD 29 30 38 47
43 MA 40 41 44 45
36 MI 35 37
18 MN 16 17 19 34
23 MS 21 22 24 31
20 MO 13 14 15 19 21 31 32 33
38 PA 30 37 39 46 47 48
44 RI 43 45
27 SC 26 28
16 SD 6 7 15 17 18 19
31 TN 20 21 23 24 26 28 29 32
12 TX 11 13 21 22
8 UT 4 5 7 9 10
40 VT 39 43 41
29 VA 28 31 32 30 48
1 WA 2 5
30 WV 29 32 37 38 48
34 WI 18 19 33
7 WY 5 6 8 10 15 16
